010000110110111101100011011
011110110111101101110001000
000110000101100010011011110
111011001100101001000010010
000001000011011011110110001
101101111011011110110111000
100000011000100110010101101
100011011110111011100100001
000010100101001101110100011
001010110000101101100011101
000110100001111001010000000
100001101101111011000110110
111101101111011011100010110
000100000011101110110100001
111001001000000110100001101
001011001000110010100100000
011110010110111101110101001
000000111001101101111000011
010000101001010111011010000
110000101110100001000000110
000101101100011011000010000
001110100011010000110010100
100000011101110110111101110
010011011000110010000100000
011100110111010101110011011
100000110010101100011011101
000011111100001101000010100
100000101101110001000000110
100001101111011101010111001
000101100001000000110000101
101110011001000010000001100
111011000010111110010100000
001101111011011100010111000
100000011001010111011001100
011110010010000001110010011
001010110010100001101000010
