126.76
95.27
133.94
112.68
134.41
127.25
134.72
135.65
146.78
127.86
95.32
112.74
136.15
147.18
136.77
127.92
147.38
137.3
112.84
114.92
95.55
147.71
148.04
137.7
128.42
128.52
128.99
148.13
114.93
149.26
115.04
150.3
150.53
116.91
99.65
150.72
150.9
100.32
117.46
129.23
137.73
138.64
138.76
151.51
139.1
153.16
117.94
100.51
117.99
118.49
153.53
155.45
118.58
156.58
157.45
118.69
157.49
129.55
129.78
129.93
100.6
118.79
139.14
105.58
130.16
158.29
158.41
119.13
130.49
107.16
119.18
161.33
119.21
161.37
119.33
139.27
140.62
140.66
120.54
141.1
164.02
120.73
121.03
121.29
166.75
141.35
142.42
109.07
132.32
167.44
132.44
168.56
121.68
121.69
121.83
142.93
143.11
122.99
123.33
168.81
169.9
109.12
170.27
109.82
173.27
110.52
110.78
143.56
173.34
132.53
123.71
123.96
175.57
132.57
143.89
176.92
124.02
177.93
110.98
144.03
144.34
144.59
182.64
182.67
185.86
124.83
124.96
111.28
144.73
145.17
125.13
125.36
145.82
112
132.97
133.14
191.43
145.97
126.05
133.64
112.16
146.38
126.18
126.21
146.62
133.83
194.3
146.64
133.94
126.34