47973
48207
46582
104406
562538
110053
159033
15071
1171423
111260
112489
110954
112627
253774
87657
50240
10148
15167
75183
84937
184176
64399
64705
45695
19656
10033
11093
13035
19448
11927
21416
22467
12854
13729
13465
14316
13094
13082
10146
12641
15282
12927
12227
26120
18802
25903
55993
93683
87930
44779
15304
45258
244849
52598
50308
77107
147821
185809
65153
131450
131450
109163
90468
104613
106880
76246
102106
102663
112932
99425
93771
90742
85539
89660
94817
87987
89733
85853
39085
86515
103749
97036
89964
94759
77005
99299
92106
96044
113305
125539
113461
116067
147544
116368
114828
47887
70413
78902
32500
65834
65949
35314
60387
57931
57349
67693
63398
164583