40.2
49.4
46.9
45.4
55.9
53.2
52.7
43.9
45.3
42
31.8
37.6
57.2
52.7
49.3
35.5
46.5
60.5
48.5
71
36.2
58.7
46.6
44.1
45.6
71.2
42.1
41.2
61
57.1
33.7
113.4
49.8
41.5
45.1
41.2
76.4
74.3
35.3
49.3
60.7
67.6
39.4
48.3
37.5
42.9
67.8
50.5
49
85
48.7
66.2
36.6
64
40
41.2
33.5
86.2
51.5
36.5
40.4
55.2
49.7
39.9
39.7
35.4
67.2
51.3
41.7
41.7
74.6
57.8
35.2
46.6
43.2
39.5
76.8
44.4
37.2
30.7
39.7
52.2
55.9
58.7
45.3
42.3
68.5
88.8
74.2
39.8
45
83.2
50.1
49.6
36.4
50.6
49.2
40.4
37
44
68.7
61.1
51.7
98.3
47.3
30.1
35.6
77.5
56.3
85.7
40.6
55
34.2
54.1
49.1
42.6
49.8
91.8
60.8
57.9
42.3
46.9
47.6
51.9
29.3
66.2
65.1
62.3
70
31.3
31.5
56.4
38.9
42.7
42.1
93.2
43.3
50.6
29.2
43.5
123.8
41.1
37.8
59.9
47.9
40.9
54.9
40.1
76.6
50.1
52.2
36.8
52.6
40.9
66.2
52.6
93.1
41.4
62.2
41.1
55.4
62.1
54.9
39.7
50.7
51.8
43.2
45
55
59.4
55.4
43.8
45.7
50.9
29.8
54.2
56.8
36.1
45.5
77.6
32.6
56.5
53.3
36.1
54.1
70.9
36.3
42
51.6
37.9
66.7
67.3
40.1
38.5
40.3
37.5
54.4
89.7
79.5
86.1
44.4